timestamp,ueImsiComplete,DRB.PdcpSduVolumeDl_Filter.UEID (txBytes),Tot.PdcpSduNbrDl.UEID (txDlPackets),DRB.PdcpSduBitRateDl.UEID(pdcpThroughput),numActiveUes,cellId,portsOn,portsOff,averagePower,indicationflag,controlflag,newportson,newportsoff,baselineminpower,baselinemaxpower,baselineaccumulatedpower,baselinecurrentpower,xappminpower,xappmaxpower,xappaccumulatedpower,xappcurrentpower,powersaving,powersavingpercent,xappactive,baselinesamplecount,xappsamplecount
7236828442138782869,00001,0,0,0.000000,1,1,4,0,18.567810,0,0,0,0,18.567810,18.567810,18.567810,18.567810,0.000000,0.000000,0.000000,0.000000,0.000000,0.000000,0,1,0
7236828442138782969,00001,0,0,0.000000,1,1,4,0,18.567799,0,0,0,0,18.567799,18.567810,37.135609,18.567799,0.000000,0.000000,0.000000,0.000000,0.000000,0.000000,0,2,0
7236828442138783069,00001,0,0,0.000000,1,1,4,0,18.567797,0,0,0,0,18.567797,18.567810,55.703406,18.567797,0.000000,0.000000,0.000000,0.000000,0.000000,0.000000,0,3,0
7236828442138783169,00001,0,0,0.000000,1,1,4,0,18.567796,0,0,0,0,18.567796,18.567810,74.271202,18.567796,0.000000,0.000000,0.000000,0.000000,0.000000,0.000000,0,4,0
7236828442138783269,00001,0,0,122.400000,1,1,4,0,19.558968,0,0,0,0,18.567796,19.558968,93.830170,19.558968,0.000000,0.000000,0.000000,0.000000,0.000000,0.000000,0,5,0
7236828442138783369,00001,0,0,122.400000,1,1,4,0,20.987740,1,0,0,0,18.567796,20.987740,114.817910,20.987740,0.000000,0.000000,0.000000,0.000000,0.000000,0.000000,0,6,0
7236828442138783469,00001,0,0,122.400000,1,1,4,0,21.976848,1,0,0,0,18.567796,21.976848,136.794758,21.976848,0.000000,0.000000,0.000000,0.000000,0.000000,0.000000,0,7,0
7236828442138783569,00001,0,0,122.400000,1,1,4,0,22.702172,1,0,0,0,18.567796,22.702172,159.496929,22.702172,0.000000,0.000000,0.000000,0.000000,0.000000,0.000000,0,8,0
7236828442138783669,00001,0,0,122.400000,1,1,4,0,23.256818,1,0,0,0,18.567796,23.256818,182.753748,23.256818,0.000000,0.000000,0.000000,0.000000,0.000000,0.000000,0,9,0
7236828442138783769,00001,0,0,122.400000,1,1,4,0,23.694690,1,0,0,0,18.567796,23.694690,206.448437,23.694690,0.000000,0.000000,0.000000,0.000000,0.000000,0.000000,0,10,0
7236828442138783869,00001,0,0,122.400000,1,1,4,0,24.049152,1,0,0,0,18.567796,24.049152,230.497589,24.049152,0.000000,0.000000,0.000000,0.000000,0.000000,0.000000,0,11,0
7236828442138783969,00001,0,0,122.400000,1,1,4,0,24.341965,1,0,0,0,18.567796,24.341965,254.839555,24.341965,0.000000,0.000000,0.000000,0.000000,0.000000,0.000000,0,12,0
7236828442138784069,00001,0,0,122.400000,1,1,4,0,24.587926,1,0,0,0,18.567796,24.587926,279.427481,24.587926,0.000000,0.000000,0.000000,0.000000,0.000000,0.000000,0,13,0
7236828442138784169,00001,0,0,122.400000,1,1,4,0,24.797447,1,0,0,0,18.567796,24.797447,304.224927,24.797447,0.000000,0.000000,0.000000,0.000000,0.000000,0.000000,0,14,0
7236828442138784269,00001,0,0,122.400000,1,1,4,0,24.978067,1,0,0,0,18.567796,24.978067,329.202994,24.978067,0.000000,0.000000,0.000000,0.000000,0.000000,0.000000,0,15,0
7236828442138784369,00001,0,0,122.400000,1,1,4,0,25.135380,1,0,0,0,18.567796,25.135380,354.338374,25.135380,0.000000,0.000000,0.000000,0.000000,0.000000,0.000000,0,16,0
7236828442138784469,00001,0,0,122.400000,1,1,4,0,25.273624,1,0,0,0,18.567796,25.273624,379.611997,25.273624,0.000000,0.000000,0.000000,0.000000,0.000000,0.000000,0,17,0
7236828442138784569,00001,0,0,122.400000,1,1,4,0,25.396068,1,0,0,0,18.567796,25.396068,405.008066,25.396068,0.000000,0.000000,0.000000,0.000000,0.000000,0.000000,0,18,0
7236828442138784669,00001,0,0,122.400000,1,1,4,0,25.505275,1,0,0,0,18.567796,25.505275,430.513340,25.505275,0.000000,0.000000,0.000000,0.000000,0.000000,0.000000,0,19,0
7236828442138784769,00001,0,0,122.400000,1,1,4,0,25.603280,1,0,0,0,18.567796,25.603280,456.116621,25.603280,0.000000,0.000000,0.000000,0.000000,0.000000,0.000000,0,20,0
7236828442138784869,00001,0,0,122.400000,1,1,4,0,25.691724,1,0,0,0,18.567796,25.691724,481.808345,25.691724,0.000000,0.000000,0.000000,0.000000,0.000000,0.000000,0,21,0
7236828442138784969,00001,0,0,122.400000,1,1,4,0,25.771940,1,0,0,0,18.567796,25.771940,507.580285,25.771940,0.000000,0.000000,0.000000,0.000000,0.000000,0.000000,0,22,0
7236828442138785069,00001,0,0,122.400000,1,1,4,0,25.845026,1,0,0,0,18.567796,25.845026,533.425311,25.845026,0.000000,0.000000,0.000000,0.000000,0.000000,0.000000,0,23,0
7236828442138785169,00001,0,0,122.400000,1,1,4,0,25.911891,1,0,0,0,18.567796,25.911891,559.337202,25.911891,0.000000,0.000000,0.000000,0.000000,0.000000,0.000000,0,24,0
7236828442138785269,00001,0,0,122.400000,1,1,4,0,25.973298,1,0,0,0,18.567796,25.973298,585.310500,25.973298,0.000000,0.000000,0.000000,0.000000,0.000000,0.000000,0,25,0
7236828442138785369,00001,0,0,122.400000,1,1,4,0,26.029889,1,0,0,0,18.567796,26.029889,611.340389,26.029889,0.000000,0.000000,0.000000,0.000000,0.000000,0.000000,0,26,0
7236828442138785469,00001,0,0,122.400000,1,1,4,0,26.082208,1,0,0,0,18.567796,26.082208,637.422598,26.082208,0.000000,0.000000,0.000000,0.000000,0.000000,0.000000,0,27,0
7236828442138785569,00001,0,0,122.400000,1,1,4,0,26.130723,1,0,0,0,18.567796,26.130723,663.553320,26.130723,0.000000,0.000000,0.000000,0.000000,0.000000,0.000000,0,28,0
7236828442138785669,00001,0,0,122.400000,1,1,4,0,26.175832,1,0,0,0,18.567796,26.175832,689.729153,26.175832,0.000000,0.000000,0.000000,0.000000,0.000000,0.000000,0,29,0
7236828442138785769,00001,0,0,122.400000,1,1,4,0,26.217884,1,0,0,0,18.567796,26.217884,715.947036,26.217884,0.000000,0.000000,0.000000,0.000000,0.000000,0.000000,0,30,0
7236828442138785869,00001,0,0,122.400000,1,1,4,0,26.257178,1,0,0,0,18.567796,26.257178,742.204214,26.257178,0.000000,0.000000,0.000000,0.000000,0.000000,0.000000,0,31,0
7236828442138785969,00001,0,0,122.400000,1,1,4,0,26.293977,1,0,0,0,18.567796,26.293977,768.498191,26.293977,0.000000,0.000000,0.000000,0.000000,0.000000,0.000000,0,32,0
7236828442138786069,00001,0,0,122.400000,1,1,4,0,26.328511,1,0,0,0,18.567796,26.328511,794.826701,26.328511,0.000000,0.000000,0.000000,0.000000,0.000000,0.000000,0,33,0
7236828442138786169,00001,0,0,122.400000,1,1,4,0,26.360984,1,0,0,0,18.567796,26.360984,821.187685,26.360984,0.000000,0.000000,0.000000,0.000000,0.000000,0.000000,0,34,0
7236828442138786269,00001,0,0,122.400000,1,1,4,0,26.391574,1,0,0,0,18.567796,26.391574,847.579259,26.391574,0.000000,0.000000,0.000000,0.000000,0.000000,0.000000,0,35,0
7236828442138786369,00001,0,0,122.400000,1,1,4,0,26.420440,1,0,0,0,18.567796,26.420440,873.999699,26.420440,0.000000,0.000000,0.000000,0.000000,0.000000,0.000000,0,36,0
7236828442138786469,00001,0,0,122.400000,1,1,4,0,26.447725,1,0,0,0,18.567796,26.447725,900.447424,26.447725,0.000000,0.000000,0.000000,0.000000,0.000000,0.000000,0,37,0
7236828442138786569,00001,0,0,122.400000,1,1,4,0,26.473555,1,0,0,0,18.567796,26.473555,926.920979,26.473555,0.000000,0.000000,0.000000,0.000000,0.000000,0.000000,0,38,0
7236828442138786669,00001,0,0,122.400000,1,1,4,0,26.498043,1,0,0,0,18.567796,26.498043,953.419022,26.498043,0.000000,0.000000,0.000000,0.000000,0.000000,0.000000,0,39,0
7236828442138786769,00001,0,0,122.400000,1,1,4,0,26.521291,1,0,0,0,18.567796,26.521291,979.940312,26.521291,0.000000,0.000000,0.000000,0.000000,0.000000,0.000000,0,40,0
7236828442138786869,00001,0,0,122.400000,1,1,4,0,26.543391,1,0,0,0,18.567796,26.543391,1006.483703,26.543391,0.000000,0.000000,0.000000,0.000000,0.000000,0.000000,0,41,0
7236828442138786969,00001,0,0,122.400000,1,1,4,0,26.564425,1,0,0,0,18.567796,26.564425,1033.048128,26.564425,0.000000,0.000000,0.000000,0.000000,0.000000,0.000000,0,42,0
7236828442138787069,00001,0,0,122.400000,1,1,4,0,26.584470,1,0,0,0,18.567796,26.584470,1059.632599,26.584470,0.000000,0.000000,0.000000,0.000000,0.000000,0.000000,0,43,0
7236828442138787169,00001,0,0,122.400000,1,1,4,0,26.603594,1,0,0,0,18.567796,26.603594,1086.236192,26.603594,0.000000,0.000000,0.000000,0.000000,0.000000,0.000000,0,44,0
7236828442138787269,00001,0,0,122.400000,1,1,4,0,26.621857,1,0,0,0,18.567796,26.621857,1112.858050,26.621857,0.000000,0.000000,0.000000,0.000000,0.000000,0.000000,0,45,0
7236828442138787369,00001,0,0,122.400000,1,1,4,0,26.639318,1,0,0,0,18.567796,26.639318,1139.497368,26.639318,0.000000,0.000000,0.000000,0.000000,0.000000,0.000000,0,46,0
7236828442138787469,00001,0,0,122.400000,1,1,4,0,26.656028,1,0,0,0,18.567796,26.656028,1166.153397,26.656028,0.000000,0.000000,0.000000,0.000000,0.000000,0.000000,0,47,0
7236828442138787569,00001,0,0,122.400000,1,1,4,0,26.672035,1,0,0,0,18.567796,26.672035,1192.825431,26.672035,0.000000,0.000000,0.000000,0.000000,0.000000,0.000000,0,48,0
7236828442138787669,00001,0,0,122.400000,1,1,4,0,26.687381,1,0,0,0,18.567796,26.687381,1219.512812,26.687381,0.000000,0.000000,0.000000,0.000000,0.000000,0.000000,0,49,0
7236828442138787769,00001,0,0,122.400000,1,1,4,0,26.702107,1,0,0,0,18.567796,26.702107,1246.214920,26.702107,0.000000,0.000000,0.000000,0.000000,0.000000,0.000000,0,50,0
7236828442138787869,00001,0,0,122.400000,1,1,4,0,26.716250,1,0,0,0,18.567796,26.716250,1272.931170,26.716250,0.000000,0.000000,0.000000,0.000000,0.000000,0.000000,0,51,0
7236828442138787969,00001,0,0,122.400000,1,1,4,0,26.729844,1,0,0,0,18.567796,26.729844,1299.661015,26.729844,0.000000,0.000000,0.000000,0.000000,0.000000,0.000000,0,52,0
7236828442138788069,00001,0,0,122.400000,1,1,4,0,26.742920,1,0,0,0,18.567796,26.742920,1326.403935,26.742920,0.000000,0.000000,0.000000,0.000000,0.000000,0.000000,0,53,0
7236828442138788169,00001,0,0,122.400000,1,1,4,0,26.755507,1,0,0,0,18.567796,26.755507,1353.159442,26.755507,0.000000,0.000000,0.000000,0.000000,0.000000,0.000000,0,54,0
7236828442138788269,00001,0,0,244.800000,1,1,4,0,26.805962,1,0,0,0,18.567796,26.805962,1379.965404,26.805962,0.000000,0.000000,0.000000,0.000000,0.000000,0.000000,0,55,0
7236828442138788369,00001,0,0,244.800000,1,1,4,0,26.892752,1,0,0,0,18.567796,26.892752,1406.858156,26.892752,0.000000,0.000000,0.000000,0.000000,0.000000,0.000000,0,56,0
7236828442138788469,00001,0,0,244.800000,1,1,4,0,26.976471,1,0,0,0,18.567796,26.976471,1433.834627,26.976471,0.000000,0.000000,0.000000,0.000000,0.000000,0.000000,0,57,0
7236828442138788569,00001,0,0,244.800000,1,1,4,0,27.057277,1,0,0,0,18.567796,27.057277,1460.891903,27.057277,0.000000,0.000000,0.000000,0.000000,0.000000,0.000000,0,58,0
7236828442138788669,00001,0,0,244.800000,1,1,4,0,27.135320,1,0,0,0,18.567796,27.135320,1488.027224,27.135320,0.000000,0.000000,0.000000,0.000000,0.000000,0.000000,0,59,0
7236828442138788769,00001,0,0,244.800000,1,1,4,0,27.210741,1,0,0,0,18.567796,27.210741,1515.237964,27.210741,0.000000,0.000000,0.000000,0.000000,0.000000,0.000000,0,60,0
7236828442138788869,00001,0,0,244.800000,1,1,4,0,27.283667,1,0,0,0,18.567796,27.283667,1542.521632,27.283667,0.000000,0.000000,0.000000,0.000000,0.000000,0.000000,0,61,0
7236828442138788969,00001,0,0,244.800000,1,1,4,0,27.354223,1,0,0,0,18.567796,27.354223,1569.875855,27.354223,0.000000,0.000000,0.000000,0.000000,0.000000,0.000000,0,62,0
7236828442138789069,00001,0,0,244.800000,1,1,4,0,27.422520,1,0,0,0,18.567796,27.422520,1597.298375,27.422520,0.000000,0.000000,0.000000,0.000000,0.000000,0.000000,0,63,0
7236828442138789169,00001,0,0,244.800000,1,1,4,0,27.488667,1,0,0,0,18.567796,27.488667,1624.787042,27.488667,0.000000,0.000000,0.000000,0.000000,0.000000,0.000000,0,64,0
7236828442138789269,00001,0,0,244.800000,1,1,4,0,27.552762,1,0,0,0,18.567796,27.552762,1652.339804,27.552762,0.000000,0.000000,0.000000,0.000000,0.000000,0.000000,0,65,0
7236828442138789369,00001,0,0,244.800000,1,1,4,0,27.614900,1,0,0,0,18.567796,27.614900,1679.954704,27.614900,0.000000,0.000000,0.000000,0.000000,0.000000,0.000000,0,66,0
7236828442138789469,00001,0,0,244.800000,1,1,4,0,27.675170,1,0,0,0,18.567796,27.675170,1707.629874,27.675170,0.000000,0.000000,0.000000,0.000000,0.000000,0.000000,0,67,0
7236828442138789569,00001,0,0,244.800000,1,1,4,0,27.733653,1,0,0,0,18.567796,27.733653,1735.363527,27.733653,0.000000,0.000000,0.000000,0.000000,0.000000,0.000000,0,68,0
7236828442138789669,00001,0,0,244.800000,1,1,4,0,27.790429,1,0,0,0,18.567796,27.790429,1763.153957,27.790429,0.000000,0.000000,0.000000,0.000000,0.000000,0.000000,0,69,0
7236828442138789769,00001,0,0,244.800000,1,1,4,0,27.845572,1,0,0,0,18.567796,27.845572,1790.999528,27.845572,0.000000,0.000000,0.000000,0.000000,0.000000,0.000000,0,70,0
7236828442138789869,00001,0,0,244.800000,1,1,4,0,27.899149,1,0,0,0,18.567796,27.899149,1818.898678,27.899149,0.000000,0.000000,0.000000,0.000000,0.000000,0.000000,0,71,0
7236828442138789969,00001,0,0,244.800000,1,1,4,0,27.951229,1,0,0,0,18.567796,27.951229,1846.849906,27.951229,0.000000,0.000000,0.000000,0.000000,0.000000,0.000000,0,72,0
7236828442138790069,00001,0,0,244.800000,1,1,4,0,28.001871,1,0,0,0,18.567796,28.001871,1874.851777,28.001871,0.000000,0.000000,0.000000,0.000000,0.000000,0.000000,0,73,0
7236828442138790169,00001,0,0,244.800000,1,1,4,0,28.051135,1,0,0,0,18.567796,28.051135,1902.902913,28.051135,0.000000,0.000000,0.000000,0.000000,0.000000,0.000000,0,74,0
7236828442138790269,00001,0,0,244.800000,1,1,4,0,28.099077,1,0,0,0,18.567796,28.099077,1931.001990,28.099077,0.000000,0.000000,0.000000,0.000000,0.000000,0.000000,0,75,0
7236828442138790369,00001,0,0,244.800000,1,1,4,0,28.145749,1,0,0,0,18.567796,28.145749,1959.147739,28.145749,0.000000,0.000000,0.000000,0.000000,0.000000,0.000000,0,76,0
7236828442138790469,00001,0,0,244.800000,1,1,4,0,28.191201,1,0,0,0,18.567796,28.191201,1987.338940,28.191201,0.000000,0.000000,0.000000,0.000000,0.000000,0.000000,0,77,0
7236828442138790569,00001,0,0,244.800000,1,1,4,0,28.235480,1,0,0,0,18.567796,28.235480,2015.574420,28.235480,0.000000,0.000000,0.000000,0.000000,0.000000,0.000000,0,78,0
7236828442138790669,00001,0,0,244.800000,1,1,4,0,28.278630,1,0,0,0,18.567796,28.278630,2043.853051,28.278630,0.000000,0.000000,0.000000,0.000000,0.000000,0.000000,0,79,0
7236828442138790769,00001,0,0,244.800000,1,1,4,0,28.320695,1,0,0,0,18.567796,28.320695,2072.173746,28.320695,0.000000,0.000000,0.000000,0.000000,0.000000,0.000000,0,80,0
7236828442138790869,00001,0,0,244.800000,1,1,4,0,28.361715,1,0,0,0,18.567796,28.361715,2100.535461,28.361715,0.000000,0.000000,0.000000,0.000000,0.000000,0.000000,0,81,0
7236828442138790969,00001,0,0,244.800000,1,1,4,0,28.401729,1,0,0,0,18.567796,28.401729,2128.937190,28.401729,0.000000,0.000000,0.000000,0.000000,0.000000,0.000000,0,82,0
7236828442138791069,00001,0,0,244.800000,1,1,4,0,28.440772,1,0,0,0,18.567796,28.440772,2157.377962,28.440772,0.000000,0.000000,0.000000,0.000000,0.000000,0.000000,0,83,0
7236828442138791169,00001,0,0,244.800000,1,1,4,0,28.478880,1,0,0,0,18.567796,28.478880,2185.856842,28.478880,0.000000,0.000000,0.000000,0.000000,0.000000,0.000000,0,84,0
7236828442138791269,00001,0,0,244.800000,1,1,4,0,28.516086,1,0,0,0,18.567796,28.516086,2214.372929,28.516086,0.000000,0.000000,0.000000,0.000000,0.000000,0.000000,0,85,0
7236828442138791369,00001,0,0,244.800000,1,1,4,0,28.552422,1,0,0,0,18.567796,28.552422,2242.925351,28.552422,0.000000,0.000000,0.000000,0.000000,0.000000,0.000000,0,86,0
7236828442138791469,00001,0,0,244.800000,1,1,4,0,28.587918,1,0,0,0,18.567796,28.587918,2271.513268,28.587918,0.000000,0.000000,0.000000,0.000000,0.000000,0.000000,0,87,0
7236828442138791569,00001,0,0,244.800000,1,1,4,0,28.622602,1,0,0,0,18.567796,28.622602,2300.135871,28.622602,0.000000,0.000000,0.000000,0.000000,0.000000,0.000000,0,88,0
7236828442138791669,00001,0,0,244.800000,1,1,4,0,28.656503,1,0,0,0,18.567796,28.656503,2328.792373,28.656503,0.000000,0.000000,0.000000,0.000000,0.000000,0.000000,0,89,0
7236828442138791769,00001,0,0,244.800000,1,1,4,0,28.689646,1,0,0,0,18.567796,28.689646,2357.482019,28.689646,0.000000,0.000000,0.000000,0.000000,0.000000,0.000000,0,90,0
7236828442138791869,00001,0,0,244.800000,1,1,4,0,28.722056,1,0,0,0,18.567796,28.722056,2386.204075,28.722056,0.000000,0.000000,0.000000,0.000000,0.000000,0.000000,0,91,0
7236828442138791969,00001,0,0,244.800000,1,1,4,0,28.753758,1,0,0,0,18.567796,28.753758,2414.957833,28.753758,0.000000,0.000000,0.000000,0.000000,0.000000,0.000000,0,92,0
7236828442138792069,00001,0,0,244.800000,1,1,4,0,28.784775,1,0,0,0,18.567796,28.784775,2443.742608,28.784775,0.000000,0.000000,0.000000,0.000000,0.000000,0.000000,0,93,0
7236828442138792169,00001,0,0,244.800000,1,1,4,0,28.815128,1,0,0,0,18.567796,28.815128,2472.557736,28.815128,0.000000,0.000000,0.000000,0.000000,0.000000,0.000000,0,94,0
7236828442138792269,00001,0,0,244.800000,1,1,4,0,28.844839,1,0,0,0,18.567796,28.844839,2501.402575,28.844839,0.000000,0.000000,0.000000,0.000000,0.000000,0.000000,0,95,0
7236828442138792369,00001,0,0,244.800000,1,1,4,0,28.873927,1,0,0,0,18.567796,28.873927,2530.276502,28.873927,0.000000,0.000000,0.000000,0.000000,0.000000,0.000000,0,96,0
7236828442138792469,00001,0,0,244.800000,1,1,4,0,28.902413,1,0,0,0,18.567796,28.902413,2559.178915,28.902413,0.000000,0.000000,0.000000,0.000000,0.000000,0.000000,0,97,0
7236828442138792569,00001,0,0,244.800000,1,1,4,0,28.930314,1,0,0,0,18.567796,28.930314,2588.109230,28.930314,0.000000,0.000000,0.000000,0.000000,0.000000,0.000000,0,98,0
7236828442138792669,00001,0,0,244.800000,1,1,4,0,28.957649,1,0,0,0,18.567796,28.957649,2617.066879,28.957649,0.000000,0.000000,0.000000,0.000000,0.000000,0.000000,0,99,0
7236828442138792769,00001,0,0,244.800000,1,1,4,0,28.984435,1,0,0,0,18.567796,28.984435,2646.051313,28.984435,0.000000,0.000000,0.000000,0.000000,0.000000,0.000000,0,100,0
7236828442138792869,00001,0,0,244.800000,1,1,4,0,29.010687,1,0,0,0,18.567796,29.010687,2675.062000,29.010687,0.000000,0.000000,0.000000,0.000000,0.000000,0.000000,0,101,0
7236828442138792969,00001,0,0,244.800000,1,1,4,0,29.036422,1,0,0,0,18.567796,29.036422,2704.098422,29.036422,0.000000,0.000000,0.000000,0.000000,0.000000,0.000000,0,102,0
7236828442138793069,00001,0,0,244.800000,1,1,4,0,29.061655,1,0,0,0,18.567796,29.061655,2733.160077,29.061655,0.000000,0.000000,0.000000,0.000000,0.000000,0.000000,0,103,0
7236828442138793169,00001,0,0,244.800000,1,1,4,0,29.086400,1,0,0,0,18.567796,29.086400,2762.246477,29.086400,0.000000,0.000000,0.000000,0.000000,0.000000,0.000000,0,104,0
7236828442138793269,00001,0,0,122.400000,1,1,4,0,29.110672,1,0,0,0,18.567796,29.110672,2791.357148,29.110672,0.000000,0.000000,0.000000,0.000000,0.000000,0.000000,0,105,0
7236828442138793369,00001,0,0,122.400000,1,1,4,0,29.134483,1,0,0,0,18.567796,29.134483,2820.491632,29.134483,0.000000,0.000000,0.000000,0.000000,0.000000,0.000000,0,106,0
7236828442138793469,00001,0,0,122.400000,1,1,4,0,29.157848,1,0,0,0,18.567796,29.157848,2849.649479,29.157848,0.000000,0.000000,0.000000,0.000000,0.000000,0.000000,0,107,0
7236828442138793569,00001,0,0,122.400000,1,1,4,0,29.180777,1,0,0,0,18.567796,29.180777,2878.830257,29.180777,0.000000,0.000000,0.000000,0.000000,0.000000,0.000000,0,108,0
7236828442138793669,00001,0,0,122.400000,1,1,4,0,29.203284,1,0,0,0,18.567796,29.203284,2908.033541,29.203284,0.000000,0.000000,0.000000,0.000000,0.000000,0.000000,0,109,0
