timestamp,id,x,y,type,cell,simid
1790350573037,1,1,1,nr,1,1790350572937
1790350573137,1,1,1,nr,1,1790350572937
1790350573237,1,1,1,nr,1,1790350572937
1790350573337,1,1,1,nr,1,1790350572937
1790350573437,1,1,1,nr,1,1790350572937
1790350573537,1,1,1,nr,1,1790350572937
1790350573637,1,1,1,nr,1,1790350572937
1790350573737,1,1,1,nr,1,1790350572937
1790350573837,1,1,1,nr,1,1790350572937
1790350573937,1,1,1,nr,1,1790350572937
1790350574037,1,1,1,nr,1,1790350572937
1790350574137,1,1,1,nr,1,1790350572937
1790350574237,1,1,1,nr,1,1790350572937
1790350574337,1,1,1,nr,1,1790350572937
1790350574437,1,1,1,nr,1,1790350572937
1790350574537,1,1,1,nr,1,1790350572937
1790350574637,1,1,1,nr,1,1790350572937
1790350574737,1,1,1,nr,1,1790350572937
1790350574837,1,1,1,nr,1,1790350572937
1790350574937,1,1,1,nr,1,1790350572937
1790350575037,1,1,1,nr,1,1790350572937
1790350575137,1,1,1,nr,1,1790350572937
1790350575237,1,1,1,nr,1,1790350572937
1790350575337,1,1,1,nr,1,1790350572937
1790350575437,1,1,1,nr,1,1790350572937
1790350575537,1,1,1,nr,1,1790350572937
1790350575637,1,1,1,nr,1,1790350572937
1790350575737,1,1,1,nr,1,1790350572937
1790350575837,1,1,1,nr,1,1790350572937
1790350575937,1,1,1,nr,1,1790350572937
1790350576037,1,1,1,nr,1,1790350572937
1790350576137,1,1,1,nr,1,1790350572937
1790350576237,1,1,1,nr,1,1790350572937
1790350576337,1,1,1,nr,1,1790350572937
1790350576437,1,1,1,nr,1,1790350572937
1790350576537,1,1,1,nr,1,1790350572937
1790350576637,1,1,1,nr,1,1790350572937
1790350576737,1,1,1,nr,1,1790350572937
1790350576837,1,1,1,nr,1,1790350572937
1790350576937,1,1,1,nr,1,1790350572937
1790350577037,1,1,1,nr,1,1790350572937
1790350577137,1,1,1,nr,1,1790350572937
1790350577237,1,1,1,nr,1,1790350572937
1790350577337,1,1,1,nr,1,1790350572937
1790350577437,1,1,1,nr,1,1790350572937
1790350577537,1,1,1,nr,1,1790350572937
1790350577637,1,1,1,nr,1,1790350572937
1790350577737,1,1,1,nr,1,1790350572937
1790350577837,1,1,1,nr,1,1790350572937
1790350577937,1,1,1,nr,1,1790350572937
1790350578037,1,1,1,nr,1,1790350572937
1790350578137,1,1,1,nr,1,1790350572937
1790350578237,1,1,1,nr,1,1790350572937
1790350578337,1,1,1,nr,1,1790350572937
1790350578437,1,1,1,nr,1,1790350572937
1790350578537,1,1,1,nr,1,1790350572937
1790350578637,1,1,1,nr,1,1790350572937
1790350578737,1,1,1,nr,1,1790350572937
1790350578837,1,1,1,nr,1,1790350572937
1790350578937,1,1,1,nr,1,1790350572937
1790350579037,1,1,1,nr,1,1790350572937
1790350579137,1,1,1,nr,1,1790350572937
1790350579237,1,1,1,nr,1,1790350572937
1790350579337,1,1,1,nr,1,1790350572937
1790350579437,1,1,1,nr,1,1790350572937
1790350579537,1,1,1,nr,1,1790350572937
1790350579637,1,1,1,nr,1,1790350572937
1790350579737,1,1,1,nr,1,1790350572937
1790350579837,1,1,1,nr,1,1790350572937
1790350579937,1,1,1,nr,1,1790350572937
1790350580037,1,1,1,nr,1,1790350572937
1790350580137,1,1,1,nr,1,1790350572937
1790350580237,1,1,1,nr,1,1790350572937
1790350580337,1,1,1,nr,1,1790350572937
1790350580437,1,1,1,nr,1,1790350572937
1790350580537,1,1,1,nr,1,1790350572937
1790350580637,1,1,1,nr,1,1790350572937
1790350580737,1,1,1,nr,1,1790350572937
1790350580837,1,1,1,nr,1,1790350572937
1790350580937,1,1,1,nr,1,1790350572937
1790350581037,1,1,1,nr,1,1790350572937
1790350581137,1,1,1,nr,1,1790350572937
1790350581237,1,1,1,nr,1,1790350572937
1790350581337,1,1,1,nr,1,1790350572937
1790350581437,1,1,1,nr,1,1790350572937
1790350581537,1,1,1,nr,1,1790350572937
1790350581637,1,1,1,nr,1,1790350572937
1790350581737,1,1,1,nr,1,1790350572937
1790350581837,1,1,1,nr,1,1790350572937
1790350581937,1,1,1,nr,1,1790350572937
1790350582037,1,1,1,nr,1,1790350572937
1790350582137,1,1,1,nr,1,1790350572937
1790350582237,1,1,1,nr,1,1790350572937
1790350582337,1,1,1,nr,1,1790350572937
1790350582437,1,1,1,nr,1,1790350572937
1790350582537,1,1,1,nr,1,1790350572937
1790350582637,1,1,1,nr,1,1790350572937
1790350582737,1,1,1,nr,1,1790350572937
1790350582837,1,1,1,nr,1,1790350572937
1790350582937,1,1,1,nr,1,1790350572937
1790350583037,1,1,1,nr,1,1790350572937
1790350583137,1,1,1,nr,1,1790350572937
1790350583237,1,1,1,nr,1,1790350572937
1790350583337,1,1,1,nr,1,1790350572937
1790350583437,1,1,1,nr,1,1790350572937
1790350583537,1,1,1,nr,1,1790350572937
1790350583637,1,1,1,nr,1,1790350572937
1790350583737,1,1,1,nr,1,1790350572937
1790350583837,1,1,1,nr,1,1790350572937
